0.1    1.308800E+01
0.2    1.312600E+01
0.3    1.313800E+01
0.4    1.311600E+01
0.5    1.311900E+01
0.6    1.308200E+01
0.7    1.307200E+01
0.8    1.306100E+01
0.9    1.305200E+01
1.0    1.301300E+01
2.0    1.278200E+01
2.2    1.275600E+01
2.8    1.266300E+01
3.0    1.246000E+01
3.4    1.248600E+01
3.6    1.234800E+01
3.8    1.218600E+01
4.0    1.214400E+01
4.2    1.203100E+01
4.6    1.192100E+01
5.0    1.177400E+01
5.2    1.162800E+01
5.6    1.151100E+01
6.0    1.132700E+01
6.5    1.110500E+01
7.0    1.092000E+01
7.5    1.066300E+01
8.0    1.044100E+01
8.5    1.019300E+01
9.0    9.986800E+00
9.5    9.734100E+00
10.0    9.569400E+00
11.0    9.112500E+00
12.0    8.654000E+00
13.0    8.230600E+00
14.0    7.808100E+00
15.0    7.401700E+00
16.0    6.972300E+00
17.0    6.591600E+00
18.0    6.223800E+00
19.0    5.868800E+00
20.0    5.513100E+00
22.0    4.847100E+00
25.0    3.938700E+00
27.0    3.419400E+00
29.0    2.946800E+00
30.0    2.719900E+00
32.0    2.307900E+00
34.0    1.956400E+00
36.0    1.637000E+00
38.0    1.364000E+00
40.0    1.123300E+00
42.0    9.178800E-01
44.0    7.445200E-01
46.0    5.931200E-01
48.0    4.706700E-01
50.0    3.674200E-01
60.0    8.711600E-02
70.0    1.237300E-02
80.0    6.810700E-04
90.0    2.706200E-06