1.013925407558815238e-02,1.113289119726545540e+00
1.025677930744421824e-02,1.102613802960438205e+00
1.037566678745185933e-02,1.092042864912533551e+00
1.049593230558227598e-02,1.081575226028287817e+00
1.061759183483000114e-02,1.071209815122864839e+00
1.074066153333433360e-02,1.060945569241774189e+00
1.086515774652538346e-02,1.050781433521758901e+00
1.099109700929497106e-02,1.040716361051842398e+00
1.111849604819271052e-02,1.030749312734575263e+00
1.124737178364751920e-02,1.020879257147485619e+00
1.137774133221491381e-02,1.011105170404662523e+00
1.150962200885032385e-02,1.002131057812152726e+00
1.164303132920876775e-02,9.941893703867999976e-01
1.177798701197119331e-02,9.863118200299946237e-01
1.191450698119776025e-02,9.784977963285255154e-01
1.205260936870842549e-02,9.707466904899911819e-01
1.219231251649110712e-02,9.630578952379668101e-01
1.233363497913775829e-02,9.553853890776061730e-01
1.247659552630869632e-02,9.470282194405937881e-01
1.262121314522547319e-02,9.387447348215683940e-01
1.276750704319265690e-02,9.305341667993398680e-01
1.291549665014883955e-02,9.223957502047962498e-01
1.306520162124721190e-02,9.143287230024669254e-01
1.321664183946604995e-02,9.063697912621998531e-01
1.336983741824946531e-02,8.987397923023977553e-01
1.352480870417875278e-02,8.911738218380476084e-01
1.368157627967471826e-02,8.836711944026289789e-01
1.384016096573131502e-02,8.762312261231551824e-01
1.400058382468097502e-02,8.688532346043099652e-01
1.416286616299198761e-02,8.614607547989709957e-01
1.432702953409830879e-02,8.540741339040854863e-01
1.449309574126216547e-02,8.467496750052730947e-01
1.466108684046984502e-02,8.394866727111059967e-01
1.483102514336104294e-02,8.322844229525461213e-01
1.500293322019218348e-02,8.251637573194384734e-01
1.517683390283405473e-02,8.181409988927755839e-01
1.535275028780422844e-02,8.111758583512931331e-01
1.553070573933460104e-02,8.042676484409857496e-01
1.571072389247450338e-02,7.974156824538454202e-01
1.589282865622978005e-02,7.905068427276974452e-01
1.607704421673823714e-02,7.835080204895509270e-01
1.626339504048192330e-02,7.765678671022417934e-01
1.645190587753662254e-02,7.696856419774955604e-01
1.664260176485903367e-02,7.628606054713792384e-01
1.683550802961202367e-02,7.533550283480106025e-01
1.703065029252844378e-02,7.431719904358652373e-01
1.722805447131393886e-02,7.331220304459766801e-01
1.742774678408919031e-02,7.232031478889026088e-01
1.762975375287205784e-02,7.149579809448793899e-01
1.783410220710007765e-02,7.096257558792433695e-01
1.804081928719382735e-02,7.043275638261321525e-01
1.824993244816152174e-02,6.990628663248117380e-01
1.846146946324547441e-02,6.934300725493189876e-01
1.867545842761075825e-02,6.854898885422702204e-01
1.889192776207666152e-02,6.776335806331789113e-01
1.911090621689137681e-02,6.698599342488610331e-01
1.933242287555045000e-02,6.620412742150133534e-01
1.955650715865948908e-02,6.534855853502798961e-01
1.978318882784164262e-02,6.450320608515718313e-01
2.001249798969036847e-02,6.366791377114981998e-01
2.024446509976803726e-02,6.281769229886612349e-01
2.047912096665085308e-02,6.191986754858720410e-01
2.071649675602068794e-02,6.103389322437546838e-01
2.095662399480432980e-02,6.015957768722572929e-01
2.119953457536070951e-02,5.914392592653560099e-01
2.144526075971667223e-02,5.805389945084725722e-01
2.169383518385184159e-02,5.698284409930041150e-01
2.194529086203313509e-02,5.597644094744422816e-01
2.219966119119954825e-02,5.539693413284042522e-01
2.245697995539774200e-02,5.482218674757768362e-01
2.271728133026905058e-02,5.425211729137452421e-01
2.298059988758851396e-02,5.339984569494672373e-01
2.324697059985647921e-02,5.244656317830891368e-01
2.351642884494348565e-02,5.150890175708149332e-01
2.378901041078893344e-02,5.058657088130110724e-01
2.406475150015424322e-02,4.967928531490991007e-01
2.434368873543110365e-02,4.878676506656827172e-01
2.462585916350546605e-02,4.773730638811499172e-01
2.491130026067788286e-02,4.634192305370862242e-01
2.520004993764092191e-02,4.498575120514032299e-01
2.549214654451422910e-02,4.366767290316859729e-01
2.578762887593800956e-02,4.238660277485166161e-01
2.608653617622547910e-02,4.114148708534184351e-01
2.638890814457510101e-02,4.009908619943537977e-01
2.669478494034320526e-02,3.938563459809984457e-01
2.700420718837772543e-02,3.868315499961647586e-01
2.731721598441376117e-02,3.782116398248437372e-01
2.763385290053169824e-02,3.682190917303402311e-01
2.795415999067856275e-02,3.584726743750882849e-01
2.827817979625341094e-02,3.489661756841538343e-01
2.860595535175742068e-02,3.349124388511148243e-01
2.893753019050950351e-02,3.202963523470352958e-01
2.927294835042815874e-02,3.063004654208147381e-01
2.961225437988034351e-02,2.928986495533153489e-01
2.995549334359813229e-02,2.802113309499557614e-01
3.030271082866396390e-02,2.681791820292109829e-01
3.065395295056527053e-02,2.566466821630589146e-01
3.100926635931926939e-02,2.455932846418872051e-01
3.136869824566876352e-02,2.342543928657109253e-01
3.173229634734976018e-02,2.193328434168963226e-01
3.210010895543171511e-02,2.053462457526870621e-01
3.247218492073129098e-02,1.922365562746389533e-01
3.284857366030043135e-02,1.799493246289581294e-01
3.322932516398971470e-02,1.651576467416678018e-01
3.361449000108764767e-02,1.504655269743981894e-01
3.400411932703705647e-02,5.569560104971915671e-01
3.439826489022924927e-02,5.325583795530270947e-01
3.479697903887691429e-02,5.176379170278984088e-01
3.520031472796678745e-02,5.081654249294522696e-01
3.560832552629277642e-02,5.044107190841963240e-01
3.602106562357069997e-02,4.999252077720726661e-01
3.643858983763544057e-02,4.938326939464929843e-01
3.686095362172157885e-02,4.872764176201372921e-01
3.728821307182833555e-02,4.788760070658409917e-01
3.772042493416997294e-02,4.710715626403474410e-01
3.815764661271248137e-02,4.645204752065497100e-01
3.859993617679766814e-02,4.579707691363412159e-01
3.904735236885559929e-02,4.507510217884636572e-01
3.949995461220642823e-02,4.434813008583586846e-01
3.995780301895269365e-02,4.356184985713049129e-01
4.042095839796307905e-02,4.279050814572422645e-01
4.088948226294861904e-02,4.202225690140983794e-01
4.136343684063275433e-02,4.126134263898843524e-01
4.184288507901582493e-02,4.051030294797141051e-01
4.232789065573550752e-02,3.964839544812939209e-01
4.281851798652413360e-02,3.876381725633735176e-01
4.331483223376400571e-02,3.793710947369254294e-01
4.381689931514191894e-02,3.714190265546631897e-01
4.432478591240398419e-02,3.633771387697270483e-01
4.483855948021188420e-02,3.541475657615848482e-01
4.535828825510188761e-02,3.434760418100198387e-01
4.588404126454759258e-02,3.339488705673411273e-01
4.641588833612779463e-02,3.251783615896939872e-01
4.695390010680060289e-02,3.175441245430896675e-01
4.749814803228502580e-02,3.090035706597932252e-01
4.804870439655131720e-02,2.996384359913428774e-01
4.860564232142135926e-02,2.884611321296508546e-01
4.916903577628028293e-02,2.776997864676528094e-01
4.973895958790065103e-02,2.675595092720063906e-01
5.031548945038053638e-02,2.580084742607225978e-01
5.089870193519682035e-02,2.490169955388099321e-01
5.148867450137494667e-02,2.405574201481545105e-01
5.208548550577662972e-02,2.321408338517274572e-01
5.268921421350673817e-02,2.221043439135326203e-01
5.329994080844090154e-02,2.094813817067766315e-01
5.391774640387502621e-02,2.004948936118685632e-01
5.454271305329833064e-02,1.917260318913515116e-01
5.517492376129125992e-02,1.829525948217089193e-01
5.581446249454963260e-02,1.739809261178117683e-01
5.646141419303669917e-02,1.656036407950514655e-01
5.711586478126431943e-02,1.576081463177167186e-01
5.777790117970503514e-02,1.499365356756599543e-01
5.844761131633634255e-02,1.427831979143315833e-01
5.912508413831878140e-02,1.361207381665237581e-01
5.981040962380940879e-02,1.293536202411410818e-01
6.050367879391221893e-02,1.226874656374996458e-01
6.120498372476700089e-02,1.167347842395597551e-01
6.191441755977844519e-02,1.105877576413969582e-01
6.263207452198689407e-02,1.053833725217798445e-01
6.335804992658250478e-02,1.005215056604426699e-01
6.409244019356453992e-02,9.591332615587765120e-02
6.483534286054723483e-02,9.149451597964383676e-02
6.558685659571431015e-02,8.681349852346254004e-02
6.634708121092346145e-02,8.274775299566640430e-02
6.711611767496282466e-02,7.858156432146179426e-02
6.789406812696108240e-02,7.489668764053343530e-02
6.868103588995304321e-02,7.114847783236757928e-02
6.947712548460235893e-02,6.761950651354463326e-02
7.028244264308348976e-02,6.441214622715910054e-02
7.109709432312434629e-02,6.132067739629247505e-02
7.192118872221188453e-02,5.840698704446774941e-02
7.275483529196227761e-02,5.563880811540742460e-02
7.359814475265766265e-02,5.276014872281808987e-02
7.445122910795139159e-02,5.021815001969464481e-02
7.531420165974371528e-02,4.794046153015503464e-02
7.618717702322995444e-02,4.533775119809673598e-02
7.707027114212298968e-02,4.326072288965578105e-02
7.796360130405231847e-02,4.127093792467448341e-02
7.886728615614151117e-02,3.925848413924409863e-02
7.978144572076624474e-02,3.732106371410501972e-02
8.070620141149502380e-02,3.558139297839547910e-02
8.164167604921467036e-02,3.385354678269566348e-02
8.258799387844267814e-02,3.215666366277678684e-02
8.354528058382866551e-02,3.064003050617075327e-02
8.451366330684717543e-02,2.898815124730098197e-02
8.549327066268379294e-02,2.752048279135952194e-02
8.648423275731721704e-02,2.605632350534666658e-02
8.748668120479909105e-02,2.457344916890301378e-02
8.850074914473433918e-02,2.326985728082045859e-02
8.952657125996396625e-02,2.218168948661711909e-02
9.056428379445290167e-02,2.095826029705543173e-02
9.161402457138516364e-02,1.965312646844018588e-02
9.267593301146878626e-02,1.883358086518913121e-02
9.375015015145285457e-02,1.743665177286527965e-02
9.483681866285922912e-02,1.658136064039966370e-02
9.593608287093141618e-02,1.558028297505336876e-02
9.704808877380301235e-02,1.446160305786624821e-02
9.817298406188834647e-02,1.345966464581686318e-02
9.931091813749795549e-02,1.251338449701003448e-02
1.004620421346813092e-01,1.172248089135703546e-02
1.016265089392995175e-01,1.088098758794030924e-02
1.028044732093309765e-01,1.074271729115530531e-02
1.039960913954120214e-01,1.108021174410827973e-02
