0.0018044867302052332 0.01
0.0020682584261676766 0.008657289496731562
0.0020722562830952497 0.008497534359086439
0.002111394061646622 0.007220809018385456
0.0021655954377690495 0.006135907273413163
0.002240658184871791 0.005214008287999685
0.002344611560333764 0.004430621457583878
0.0024885751732714413 0.0037649358067924636
0.0026879484188054494 0.0031992671377973846
0.0029640577093660663 0.00271858824273294
0.0031145189601353533 0.0025252812791672534
0.003160474392317496 0.002310129700083158
0.0032654069623037235 0.0019630406500402682
0.003410726648392981 0.0016681005372000592
0.0036119779011532325 0.0014174741629268048
0.0038906880183268494 0.001204503540258781
0.00416077949410303 0.0010663385635054671
0.004195242510160079 0.0010235310218990247
0.004354202183144811 0.0008697490026177834
0.004574343267862595 0.0007390722033525775
0.004879213655872118 0.0006280291441834246
0.005207040028070707 0.000549910369119608
0.005241618061313003 0.0005336699231206301
0.005455829795749686 0.00045348785081285824
0.005752488707363696 0.0003853528593710527
0.006163327591010478 0.0003274549162877725
0.0062533005620383835 0.0003172985825353735
0.0064625394247942195 0.0002782559402207126
0.006806741697099155 0.00023644894126454073
0.007283422733017062 0.0002009233002565046
0.00729956109600606 0.0001999107904837267
0.007645251178634866 0.00017073526474706887
0.008135989519000094 0.000145082877849594
0.008345821629973738 0.00013675226304483626
0.00859149058379929 0.0001232846739442066
0.009083677034784864 0.00010476157527896641
0.009392082163941414 9.636162190856556e-05
0.009623269670684668 8.902150854450375e-05
0.010208006801535765 7.56463327554629e-05
0.01043834269790909 7.161103647742514e-05
0.010778831385150308 6.428073117284319e-05
0.011437806841076153 5.462277217684337e-05
0.011484603231876767 5.40512493132938e-05
0.012071475204492635 4.641588833612773e-05
0.012530863765844445 4.212291277320309e-05
0.01278589278388356 3.944206059437656e-05
0.013547469040398734 3.351602650938841e-05
0.01357712429981212 3.332204035695422e-05
0.014386560768717355 2.8480358684357994e-05
0.014623384833779797 2.7352707953873132e-05
0.015248812461198928 2.4201282647943832e-05
0.015669645367747474 2.2508530873872784e-05
0.016170077736596292 2.0565123083486515e-05
0.016715905901715154 1.8820821383948267e-05
0.017152072357055244 1.747528400007683e-05
0.01776216643568283 1.5895550243389534e-05
0.018191201647234465 1.4849682622544636e-05
0.01830523992263657 1.4611563641301292e-05
0.029774589610731293 4.331749125559931e-06
0.03031729284329495 4.1573012663924195e-06
0.03074029227981227 4.037017258596549e-06
0.031363553377262626 3.857283920553346e-06
0.0324098139112303 3.5943082326506804e-06
0.0331735043521689 3.4304692863149122e-06
0.03345607444519798 3.3680235533776195e-06
0.034502334979165654 3.1559923366073413e-06
0.03554859551313333 2.978705213543712e-06
0.035966639204542857 2.9150530628251757e-06
0.036594856047101006 2.814454219215955e-06
0.03764111658106868 2.6659929768265444e-06
0.03868737711503636 2.5397687141531106e-06
0.03927164453531611 2.477076355991709e-06
0.03973363764900404 2.4239776783550687e-06
0.040779898182971716 2.3151609843751062e-06
0.04182615871693939 2.221495045294968e-06
0.04287241925090707 2.1406214987540848e-06
0.04338731558839283 2.104904144512022e-06
0.043918679784874744 2.0645556276370854e-06
0.04496494031884242 1.99311329513385e-06
0.046011200852810095 1.931085706356728e-06
0.04705746138677778 1.877215028065188e-06
0.048103721920745454 1.830460370624027e-06
0.04914998245471313 1.7899589317659941e-06
0.04918756044718615 1.788649529057435e-06
0.0501962429886808 1.7490447629740193e-06
0.05124250352264848 1.7137186650889857e-06
0.05228876405661616 1.683636726943133e-06
0.053335024590583834 1.6583273214419072e-06
0.05438128512455151 1.637408377311545e-06
0.055427545658519185 1.6205762715809352e-06
0.05647380619248687 1.607597346955935e-06
0.057520066726454544 1.5983016771087604e-06
0.05856632726042222 1.5925788156523299e-06
0.059612587794389896 1.5903753611909326e-06
0.06065884832835757 1.5916942580414911e-06
0.06170510886232525 1.5965958360046113e-06
0.06275136939629293 1.605200678783831e-06
0.06379762993026061 1.6176945055689091e-06
0.06484389046422828 1.6343353612192975e-06
0.06589015099819596 1.6554635465384654e-06
0.06693641153216363 1.6815148933275297e-06
0.06798267206613132 1.7130382156180151e-06
0.069028932600099 1.7507180715936693e-06
0.06992324269628111 1.788649529057435e-06
0.07007519313406667 1.7943894892562783e-06
0.07112145366803435 1.8392111303040656e-06
0.07216771420200202 1.891993801313475e-06
0.0732139747359697 1.9541218475127842e-06
0.07426023526993737 2.0273269421618754e-06
0.07520632287281502 2.104904144512022e-06
0.07530649580390505 2.112453125526406e-06
0.07635275633787272 2.199533474455238e-06
0.0773990168718404 2.303219293365403e-06
0.07844527740580809 2.4273704973380795e-06
0.07881874905811638 2.477076355991709e-06
0.07949153793977576 2.561995506678908e-06
0.08053779847374344 2.716427052208313e-06
0.08158405900771111 2.9056104742967676e-06
0.08163229069557337 2.9150530628251753e-06
0.08263031954167879 3.1058905952639914e-06
0.08367658007564646 3.3545851436519435e-06
0.08396124825882807 3.4304692863149122e-06
0.08472284060961414 3.633521067030759e-06
0.08576910114358183 3.976868534874828e-06
0.08593470838977368 4.037017258596549e-06
0.0868153616775495 4.366116006986024e-06
0.08765097612855091 4.750810162102793e-06
0.08786162221151718 4.852237348174028e-06
0.08890788274548486 5.431166948231551e-06
0.08916094724907359 5.5908101825122235e-06
0.08995414327945253 6.134802784349973e-06
0.09050764146312903 6.579332246575683e-06
0.0910004038134202 7.019642449377254e-06
0.0917059355769701 7.742636826811277e-06
0.09204666434738788 8.141506351486079e-06
0.09278662189143216 9.111627561154887e-06
0.09309292488135557 9.584570117374639e-06
0.09376927300740884 1.072267222010323e-05
0.09413918541532323 1.1482322487403277e-05
0.0946632952393723 1.2618568830660211e-05
0.09518544594929092 1.405965116135622e-05
0.0954670318464979 1.4849682622544636e-05
0.0961839954697117 1.747528400007683e-05
0.09623170648325859 1.7686305028054704e-05
0.09690190394867781 2.0565123083486515e-05
0.09727796701722627 2.2869162982796493e-05
0.09751487424963191 2.4201282647943835e-05
0.09809569620523709 2.848035868435799e-05
0.09832422755119394 3.081530189714518e-05
0.09863377865128145 3.351602650938841e-05
0.09912492563141001 3.944206059437656e-05
0.09937048808516163 4.375967610147037e-05
0.09956509834496387 4.641588833612772e-05
0.10002195746281807 5.462277217684337e-05
0.10035184670665141 6.428073117284319e-05
0.10041674861912929 6.669997217404433e-05
0.10076962855044096 7.56463327554629e-05
0.10111986086622857 8.902150854450375e-05
0.10137275693266551 0.0001047615752789664
0.10146300915309697 0.00011242456017730627
0.10169175638838576 0.0001232846739442066
0.10201833631425736 0.000145082877849594
0.10225415344165309 0.00017073526474706887
0.10242443248567198 0.0002009233002565046
0.10250926968706466 0.0002228224184908393
0.10263923526407104 0.00023644894126454073
0.10294194796952848 0.0002782559402207125
0.10316053103288318 0.0003274549162877725
0.10331836568839697 0.0003853528593710527
0.10343233507879175 0.00045348785081285824
0.10351463019899 0.0005336699231206301
0.10355553022103232 0.0005916579806874053
0.10367157835227575 0.0006280291441834246
0.10394039485020466 0.0007390722033525775
0.10413450210945825 0.0008697490026177834
0.1042746632542735 0.0010235310218990247
0.1043758709401244 0.001204503540258781
0.10444895107719664 0.0014174741629268048
0.10450172084848022 0.0016681005372000592
0.1045398248925185 0.0019630406500402682
0.10456733909500135 0.002310129700083158
0.10458720657514353 0.00271858824273294
0.10460155250312186 0.0031992671377973846
0.104601790755 0.0032087219902143405

