0.0010219978922 0.007109820023792929
0.0010274423458121553 0.006135907273413163
0.0010356027559608608 0.005214008287999685
0.0010469039967607875 0.004430621457583878
0.0010625549311244465 0.0037649358067924636
0.001084229696824257 0.0031992671377973846
0.001114246784445081 0.00271858824273294
0.0011558170400000959 0.002310129700083158
0.0012133871203735963 0.0019630406500402682
0.0012931151400829056 0.0016681005372000592
0.0014035293879965517 0.0014174741629268048
0.0015564405751398646 0.001204503540258781
0.001768205194248297 0.0010235310218990247
0.0020614751291949756 0.0008697490026177836
0.002068258426167677 0.0008667457700510817
0.002104993377239702 0.0007390722033525775
0.0021567312171663125 0.0006280291441834246
0.0022283822465660333 0.0005336699231206301
0.0023276107806780464 0.00045348785081285824
0.0024650310252231676 0.0003853528593710527
0.0026553424490473186 0.0003274549162877725
0.0029189021462219457 0.0002782559402207126
0.0031145189601353533 0.0002525324424054407
0.0031480828201372654 0.00023644894126454073
0.003248246042871178 0.0002009233002565046
0.0033869607249502635 0.00017073526474706887
0.00357906479767382 0.000145082877849594
0.003845107109877934 0.0001232846739442066
0.00416077949410303 0.00010675650699442942
0.004176470833627285 0.0001047615752789664
0.004328205544146332 8.902150854450375e-05
0.004538340876811553 7.56463327554629e-05
0.004829354435167937 6.428073117284319e-05
0.005207040028070707 5.506896372170119e-05
0.00521632162409172 5.462277217684337e-05
0.005420797104597113 4.641588833612772e-05
0.005703972410833241 3.944206059437656e-05
0.006096138033154948 3.351602650938841e-05
0.0062533005620383835 3.170019762231036e-05
0.006421892299669719 2.848035868435799e-05
0.006750450047477887 2.4201282647943835e-05
0.007205465194633289 2.0565123083486515e-05
0.007299561096006061 1.9960880315504837e-05
0.007587299490545643 1.747528400007683e-05
0.008055733015966066 1.4849682622544634e-05
0.008345821629973738 1.3670891661089954e-05
0.008533367887154007 1.2618568830660211e-05
0.009003183704332151 1.072267222010323e-05
0.009392082163941414 9.638514376946927e-06
0.00955421758929227 9.111627561154887e-06
0.010112377515099052 7.742636826811277e-06
0.01043834269790909 7.158134793734426e-06
0.010701012439820206 6.579332246575683e-06
0.011330036444252246 5.590810182512223e-06
0.011484603231876767 5.397596249557768e-06
0.011970309216559115 4.750810162102793e-06
0.012530863765844445 4.214646803758156e-06
0.012695957626909941 4.037017258596549e-06
0.013422919067196795 3.4304692863149122e-06
0.013577124299812119 3.3272242639497964e-06
0.014250353847818618 2.9150530628251757e-06
0.014623384833779797 2.733252722298522e-06
0.015120100771077519 2.477076355991709e-06
0.015669645367747474 2.2508269028460327e-06
0.016036761503919132 2.104904144512022e-06
0.016715905901715154 1.8827631075627794e-06
0.017013968697140076 1.788649529057435e-06
0.01776216643568283 1.590357850144899e-06
0.0180445089494325 1.519911082952933e-06
0.018808426969650505 1.3566468170679367e-06
0.019157428399987565 1.2915496650148827e-06
0.01985468750361818 1.1763798531621134e-06
0.020395747455002968 1.0974987654930544e-06
0.02090094803758586 1.0309550544975052e-06
0.02172381303859714 9.326033468832199e-07
0.021947208571553536 9.082807573563759e-07
0.022993469105521212 8.043338089746034e-07
0.02312957917940922 7.92482898353917e-07
0.02403972963948889 7.178907329613739e-07
0.02470218241812118 6.734150657750828e-07
0.025085990173456568 6.487022821057829e-07
0.026132250707424243 5.866516726121564e-07
0.0264129158111879 5.722367659350221e-07
0.02717851124139192 5.338170276873534e-07
0.028224771775359595 4.894567896258993e-07
0.028307555189872453 4.862601580065354e-07
0.029271032309327275 4.491835919588808e-07
0.03031729284329495 4.163255205431815e-07
0.030424637618591766 4.1320124001153343e-07
0.031363553377262626 3.8548806665147524e-07
0.0324098139112303 3.597950800906235e-07
0.0328049203158939 3.5111917342151277e-07
0.03345607444519798 3.363905763340602e-07
0.034502334979165654 3.1567491532977693e-07
0.03554785143447718 2.9836472402833343e-07
0.03554859551313333 2.983518530571738e-07
0.036594856047101 2.8120479531119936e-07
0.03764111658106868 2.666999841024525e-07
0.03868737711503636 2.5436774795398277e-07
0.038763069655290125 2.5353644939701113e-07
0.03973363764900404 2.4211884006245023e-07
0.040779898182971716 2.3148734070856956e-07
0.04182615871693939 2.2233608519446185e-07
0.042729535728410664 2.1544346900318822e-07
0.04287241925090707 2.1425628953282552e-07
0.043918679784874744 2.0620757146822753e-07
0.04496494031884242 1.9922758444539323e-07
0.046011200852810095 1.9316742725914225e-07
0.04705746138677778 1.8790420834941247e-07
0.048103721920745454 1.833362317623996e-07
0.048170054962749065 1.8307382802953697e-07
0.04914998245471313 1.7872594661366356e-07
0.050196242988680806 1.7470597203926737e-07
0.05124250352264848 1.7125457710064682e-07
0.05156471379872328 1.7034946088151003e-07
0.05929037751895107 1.5927011182667814e-07
0.059612587794389896 1.5920381349318865e-07
0.06065884832835757 1.5933267102875326e-07
0.06170510886232525 1.5981156007639797e-07
0.06275136939629293 1.6065226178402714e-07
0.06379762993026061 1.6187292110140648e-07
0.06484389046422828 1.634987492682473e-07
0.06589015099819596 1.6556299401189636e-07
0.06693641153216363 1.681082365332935e-07
0.06798267206613132 1.7118809650978912e-07
0.069028932600099 1.7486945595757063e-07
0.07007519313406667 1.792353530604602e-07
0.07086484689560894 1.8307382802953697e-07
0.07112145366803435 1.8419118969653264e-07
0.07216771420200202 1.8934810921143685e-07
0.0732139747359697 1.9541808118786398e-07
0.07426023526993737 2.0257029182758345e-07
0.07530649580390505 2.110176111160757e-07
0.07579117775119007 2.154434690031882e-07
0.07635275633787272 2.2019041785562694e-07
0.0773990168718404 2.3032062560622254e-07
0.07844527740580809 2.4245032185542175e-07
0.07925909846361708 2.5353644939701113e-07
0.07949153793977576 2.5653932771563557e-07
0.08053779847374344 2.716274434859693e-07
0.08158405900771111 2.9011085219960555e-07
0.08199596499578608 2.9836472402833343e-07
0.08263031954167879 3.107799253127286e-07
0.08367658007564646 3.3507763032283495e-07
0.08426452010548202 3.5111917342151277e-07
0.08472284060961414 3.6362621305494984e-07
0.08576910114358183 3.9717160254466277e-07
0.08620029802292148 4.1320124001153343e-07
0.0868153616775495 4.3672692862226205e-07
0.08786162221151718 4.859735922995427e-07
0.08786726218907288 4.862601580065354e-07
0.08890788274548485 5.425786461955504e-07
0.08936721116719586 5.722367659350221e-07
0.08995414327945253 6.134371574263978e-07
0.09068377877924046 6.734150657750828e-07
0.0910004038134202 7.023729942301357e-07
0.09185952250586955 7.92482898353917e-07
0.09204666434738788 8.14905910823021e-07
0.09292375966949647 9.326033468832199e-07
0.09309292488135557 9.593376720076012e-07
0.093895108551782 1.0974987654930544e-06
0.09413918541532323 1.1488017251179336e-06
0.09478249295432296 1.2915496650148827e-06
0.09518544594929092 1.4053774588461297e-06
0.09558428576466318 1.519911082952933e-06
0.09623170648325859 1.7689617014707767e-06
0.09628440427553885 1.788649529057435e-06
0.09698908234537768 2.104904144512022e-06
0.09727796701722627 2.2860610189800606e-06
0.09760986323909536 2.477076355991709e-06
0.09816428594041358 2.9150530628251757e-06
0.09832422755119394 3.0823134203919616e-06
0.09871410198422403 3.4304692863149122e-06
0.09918292557609985 4.037017258596549e-06
0.09937048808516162 4.37456021070409e-06
0.09963981416022073 4.750810162102793e-06
0.10007590832608036 5.590810182512223e-06
0.1003908035946508 6.579332246575683e-06
0.10041674861912929 6.678318921200443e-06
0.10082690636756382 7.742636826811277e-06
0.10116122008407201 9.111627561154887e-06
0.10140262163398522 1.072267222010323e-05
0.10146300915309697 1.1247465508604634e-05
0.1017451660380008 1.2618568830660211e-05
0.10205690240221826 1.4849682622544636e-05
0.1022820012772283 1.747528400007683e-05
0.10244454087589837 2.0565123083486515e-05
0.10250926968706466 2.2275291712499486e-05
0.10268874161229301 2.4201282647943835e-05
0.10297769555809932 2.848035868435799e-05
0.10318634368387697 3.351602650938841e-05
0.10333700451070542 3.944206059437656e-05
0.10344579381641343 4.641588833612772e-05
0.10352434849638947 5.462277217684337e-05
0.10355553022103232 5.914774694122101e-05
0.1037155412349508 6.428073117284319e-05
0.1039721396081741 7.56463327554629e-05
0.10415742439292147 8.902150854450375e-05
0.10429121499738882 0.0001047615752789664
0.10438782263772012 0.0001232846739442066
0.10445758116977504 0.000145082877849594
0.10450795247351219 0.00017073526474706887
0.1045443246299415 0.0002009233002565046
0.10457058826945778 0.00023644894126454073
0.10458955274196527 0.0002782559402207126
0.104601790755 0.0003204958782328849

