0.0011480477076753997 0.01
0.0012025194503536385 0.008497534359086439
0.0012779566244148057 0.007220809018385456
0.0013824285386685837 0.006135907273413163
0.0015271102689120679 0.005214008287999685
0.0017274780253159563 0.004430621457583878
0.0020049646004264695 0.0037649358067924636
0.0020682584261676766 0.00364360029975984
0.002098080023250879 0.0031992671377973846
0.0021475230274907013 0.00271858824273294
0.002215995970223201 0.002310129700083158
0.0023108232154226724 0.0019630406500402682
0.002442148174936244 0.0016681005372000592
0.002624018321590444 0.0014174741629268048
0.0028758878090552505 0.001204503540258781
0.0031145189601353533 0.0010687804534532613
0.003136668742056642 0.0010235310218990247
0.003233780679583392 0.0008697490026177834
0.003368269678363843 0.0007390722033525775
0.003554521659877297 0.0006280291441834246
0.003812459490720383 0.0005336699231206301
0.00416077949410303 0.0004549395458036877
0.004163356692671942 0.00045348785081285824
0.0043066961001276905 0.0003853528593710527
0.004505204891996829 0.0003274549162877725
0.00478011701245826 0.0002782559402207126
0.005160839061416289 0.00023644894126454073
0.005207040028070707 0.0002322785228675818
0.005390257694055413 0.0002009233002565046
0.005668362307755765 0.00017073526474706887
0.006053505597091136 0.000145082877849594
0.006253300562038384 0.00013519981310319783
0.006400240890953661 0.0001232846739442066
0.006725616854013053 0.0001047615752789664
0.0071762255908331615 8.902150854450375e-05
0.007299561096006061 8.561940173297807e-05
0.007555150188278778 7.56463327554629e-05
0.00799630098677318 6.428073117284319e-05
0.008345821629973738 5.800964926881689e-05
0.00848712907633893 5.462277217684337e-05
0.008944466209057709 4.641588833612773e-05
0.009392082163941414 4.104990617423348e-05
0.00950660860825606 3.944206059437656e-05
0.010047432306813304 3.351602650938841e-05
0.01043834269790909 3.0485078901491576e-05
0.010647222337082915 2.848035868435799e-05
0.011252303186865683 2.4201282647943835e-05
0.011484603231876767 2.293989118721076e-05
0.011905633011021563 2.0565123083486515e-05
0.012530863765844445 1.801068393580835e-05
0.01265151704109185 1.747528400007683e-05
0.013394255272265981 1.4849682622544636e-05
0.01357712429981212 1.4335542441893365e-05
0.014186997185779029 1.2618568830660211e-05
0.014623384833779797 1.1659907969149524e-05
0.015050252658839518 1.072267222010323e-05
0.015166321269441962 1.0518150580764446e-05
0.026635838349938223 2.4785452444006507e-06
0.026642572347595584 2.477076355991709e-06
0.02717851124139192 2.362484037040307e-06
0.028224771775359595 2.1672594139649713e-06
0.028605377877004484 2.104904144512022e-06
0.029271032309327275 1.9958910543700363e-06
0.03031729284329495 1.8487789840941108e-06
0.03080473214994996 1.788649529057435e-06
0.031363553377262626 1.7185385820616605e-06
0.0324098139112303 1.6029695729793584e-06
0.033303228376003344 1.519911082952933e-06
0.03345607444519798 1.505233601268043e-06
0.034502334979165654 1.4116517807071543e-06
0.03554859551313333 1.3332473840933032e-06
0.036181666348108696 1.2915496650148827e-06
0.036594856047101006 1.2628554081233261e-06
0.03764111658106868 1.1969551071985151e-06
0.03868737711503636 1.1408306900112686e-06
0.039622852171337465 1.0974987654930544e-06
0.03973363764900404 1.0919893449041998e-06
0.040779898182971716 1.0434587287673302e-06
0.04182615871693939 1.0016304928000746e-06
0.04287241925090707 9.654732520183413e-07
0.043918679784874744 9.341450291455427e-07
0.04397445220783156 9.326033468832199e-07
0.04496494031884242 9.024204041044628e-07
0.046011200852810095 8.746242611499251e-07
0.04705746138677778 8.504763781597572e-07
0.048103721920745454 8.295189396665052e-07
0.04914998245471313 8.113722796096012e-07
0.050196242988680806 7.957215388461341e-07
0.05044176120926418 7.92482898353917e-07
0.05124250352264848 7.805066909258489e-07
0.05228876405661616 7.670968947161979e-07
0.053335024590583834 7.558580348853196e-07
0.05438128512455151 7.46623273048214e-07
0.055427545658519185 7.392608894765217e-07
0.05647380619248687 7.336706519660553e-07
0.057520066726454544 7.297811825271331e-07
0.05856632726042222 7.275482117253501e-07
0.059612587794389896 7.26953653362339e-07
0.06065884832835757 7.280054713552482e-07
0.06170510886232525 7.307383488374151e-07
0.06275136939629293 7.352152093290378e-07
0.06379762993026061 7.415296842199551e-07
0.06484389046422828 7.498096732015133e-07
0.06589015099819596 7.602222090167545e-07
0.06693641153216363 7.729799207065271e-07
0.06798267206613132 7.883494982666177e-07
0.06822663515199777 7.92482898353917e-07
0.069028932600099 8.045322397262398e-07
0.07007519313406667 8.22944691433482e-07
0.07112145366803435 8.446405504826087e-07
0.07216771420200202 8.701564650873043e-07
0.0732139747359697 9.001602667547003e-07
0.07418032683263408 9.326033468832199e-07
0.07426023526993737 9.350537359542655e-07
0.07530649580390505 9.704884566883046e-07
0.07635275633787272 1.0124694884773758e-06
0.0773990168718404 1.062440524888844e-06
0.07803776957522773 1.0974987654930544e-06
0.07844527740580809 1.1185411523480109e-06
0.07949153793977576 1.1798015403587733e-06
0.08053779847374343 1.2541952825343336e-06
0.08099969090338838 1.2915496650148827e-06
0.08158405900771111 1.3372460579299464e-06
0.08263031954167879 1.4330374305868324e-06
0.08341943485090508 1.519911082952933e-06
0.08367658007564646 1.5478887168287766e-06
0.08472284060961414 1.6767672535083143e-06
0.08546970359523083 1.788649529057435e-06
0.08576910114358183 1.8341339543682563e-06
0.0868153616775495 2.0173142100158165e-06
0.0872441861857729 2.104904144512022e-06
0.08786162221151718 2.2368502574837668e-06
0.08878865463328715 2.477076355991709e-06
0.08890788274548485 2.5099951919692917e-06
0.08995414327945254 2.83752254793613e-06
0.09017184851756625 2.9150530628251757e-06
0.0910004038134202 3.2434294870697435e-06
0.0914120828393324 3.4304692863149122e-06
0.09204666434738788 3.7599022807071052e-06
0.09252346658665096 4.037017258596549e-06
0.09309292488135557 4.426881529615383e-06
0.09352721805997576 4.750810162102793e-06
0.09413918541532323 5.307972401040147e-06
0.09443354104077507 5.590810182512222e-06
0.09518544594929093 6.510720693984796e-06
0.09524062616455434 6.579332246575683e-06
0.09602030038113814 7.742636826811277e-06
0.09623170648325859 8.157086404103993e-06
0.09673316142198514 9.111627561154887e-06
0.09727796701722627 1.0591011807906496e-05
0.0973308070499366 1.0722672220103229e-05
0.09796269164198979 1.2618568830660211e-05
0.09832422755119394 1.4255612720207606e-05
0.09847789502663347 1.4849682622544637e-05
0.09901230790343957 1.747528400007683e-05
0.09937048808516162 2.0266123453154643e-05
0.09941992842004677 2.0565123083486515e-05
0.09991710060841183 2.4201282647943835e-05
0.1002760991505555 2.848035868435799e-05
0.10041674861912929 3.08035680227595e-05
0.10065821858127996 3.351602650938841e-05
0.1010393974410124 3.944206059437656e-05
0.10131463941580979 4.641588833612772e-05
0.10146300915309696 5.199795865993881e-05
0.10158778990387808 5.462277217684336e-05
0.10194325719125656 6.428073117284319e-05
0.1021999333307009 7.56463327554629e-05
0.10238527426895132 8.902150854450375e-05
0.10250926968706466 0.00010320361620531466
0.10254280729400163 0.0001047615752789664
0.10287231712916413 0.0001232846739442066
0.10311024988810294 0.000145082877849594
0.1032820565892544 0.00017073526474706887
0.10340611492696378 0.0002009233002565046
0.10349569508333753 0.00023644894126454073
0.10355553022103232 0.00027403739319433487
0.10358590959867958 0.0002782559402207126
0.10387853484864194 0.0003274549162877725
0.1040898339530355 0.0003853528593710527
0.10424240900089368 0.00045348785081285824
0.10435258052904917 0.0005336699231206301
0.10443213328545661 0.0006280291441834246
0.10448957681154705 0.0007390722033525775
0.1045310556846712 0.0008697490026177834
0.10456100678678396 0.0010235310218990247
0.10458263390560858 0.001204503540258781
0.10459825043507363 0.0014174741629268048
0.104601790755 0.001479723583304286

