0.0010219978922 0.00030038062520496787
0.001024719872758184 0.0002782559402207126
0.0010318204327849196 0.00023644894126454073
0.0010416539015952095 0.0002009233002565046
0.001055272138534107 0.00017073526474706887
0.0010741318492731985 0.000145082877849594
0.0011002504056441972 0.0001232846739442066
0.0011364216384028758 0.0001047615752789664
0.0011865146856868858 8.902150854450376e-05
0.0012558878641720991 7.56463327554629e-05
0.0013519618335965469 6.428073117284319e-05
0.001485013364498176 5.462277217684337e-05
0.0016692746163369332 4.641588833612773e-05
0.0019244555127843992 3.944206059437656e-05
0.0020682584261676766 3.6554745156851834e-05
0.0020878438899564903 3.351602650938841e-05
0.002133577155992165 2.848035868435799e-05
0.0021969125328443005 2.4201282647943832e-05
0.002284624833073919 2.0565123083486515e-05
0.0024060964022655255 1.7475284000076827e-05
0.0025743207229508096 1.4849682622544636e-05
0.002807292292004849 1.2618568830660211e-05
0.0031145189601353533 1.0788948854330504e-05
0.0031175207495300573 1.072267222010323e-05
0.0032045447055842604 9.111627561154887e-06
0.0033250629963085033 7.742636826811277e-06
0.003491967134636194 6.579332246575681e-06
0.003723110401135452 5.590810182512223e-06
0.004043217560749735 4.750810162102793e-06
0.00416077949410303 4.512942636738115e-06
0.004256986515894462 4.037017258596549e-06
0.004438306583016955 3.4304692863149122e-06
0.004689414272835118 2.9150530628251757e-06
0.005037169890216494 2.477076355991709e-06
0.005207040028070707 2.317009461066542e-06
0.005325739503314078 2.104904144512022e-06
0.005579702253217146 1.788649529057435e-06
0.005931411804399615 1.519911082952933e-06
0.0062533005620383835 1.3532922988652408e-06
0.006328555400538513 1.2915496650148827e-06
0.006635857644908219 1.0974987654930544e-06
0.007061436335034568 9.326033468832199e-07
0.00729956109600606 8.647526135525388e-07
0.007466800597056786 7.924828983539169e-07
0.007855421828568776 6.734150657750829e-07
0.008345821629973738 5.788892180415142e-07
0.008373858709757803 5.72236765935022e-07
0.008811070617070437 4.862601580065353e-07
0.009392082163941414 4.153581042008009e-07
0.009405876950177156 4.1320124001153343e-07
0.009878453698656215 3.5111917342151277e-07
0.010438342697909091 3.040998351156747e-07
0.010499641828922527 2.9836472402833343e-07
0.011087095406908255 2.5353644939701113e-07
0.011484603231876767 2.3184045082571152e-07
0.011740155278239697 2.1544346900318822e-07
0.012432204690032634 1.8307382802953697e-07
0.012530863765844445 1.7930196444033257e-07
0.013161779762532015 1.5556761439304725e-07
0.01357712429981212 1.4371041501448286e-07
0.013968771881731484 1.3219411484660288e-07
0.014623384833779797 1.1715885633514857e-07
0.01482852768551116 1.1233240329780263e-07
0.015669645367747474 9.656529246709437e-08
0.015733418950520998 9.545484566618327e-08
0.016715905901715154 8.12316891293179e-08
0.016724494490936128 8.111308307896871e-08
0.01776216643568283 6.896129831003909e-08
0.017765590412808733 6.892612104349695e-08
0.018808426969650505 5.951329896145299e-08
0.01891369868075797 5.8570208180566614e-08
0.01985468750361818 5.121274441357606e-08
0.02007347810107102 4.977023564332114e-08
0.02090094803758586 4.483807844796108e-08
0.02138713156723742 4.229242874389499e-08
0.021947208571553536 3.960041822847056e-08
0.022838125742554588 3.593813663804625e-08
0.022993469105521212 3.534196834690875e-08
0.024039729639488888 3.1640024047711545e-08
0.02440022669534165 3.053855508833412e-08
0.025085990173456564 2.853038552664956e-08
0.026132250707424243 2.5953764907992267e-08
0.026133792299198506 2.5950242113997372e-08
0.027178511241391923 2.3610102750421994e-08
0.02802736341084481 2.2051307399030457e-08
0.02822477177535959 2.1692711290652115e-08
0.029271032309327275 1.9951676793549224e-08
0.030155133832996277 1.8738174228603824e-08
0.030317292843294947 1.85136933105211e-08
0.031363553377262626 1.7169001728696244e-08
0.0324098139112303 1.6065839536121756e-08
0.032556651823676744 1.5922827933410936e-08
0.03345607444519798 1.5018006042022474e-08
0.034502334979165654 1.412472221814247e-08
0.0353124735944181 1.3530477745798075e-08
0.03554859551313333 1.334905631344659e-08
0.036594856047101006 1.2606755227526094e-08
0.03764111658106868 1.1977704922112808e-08
0.03856892323136933 1.1497569953977357e-08
0.03868737711503636 1.1432139456627958e-08
0.03973363764900405 1.0892791445361041e-08
0.040779898182971716 1.0429543198018073e-08
0.04182615871693939 1.0030272417143767e-08
0.04259992227175469 9.770099572992246e-09
0.04287241925090707 9.670111110325819e-09
0.043918679784874744 9.318193653690752e-09
0.04496494031884242 9.012764751856171e-09
0.046011200852810095 8.747437098272115e-09
0.04705746138677778 8.516933853872961e-09
0.048103721920745454 8.316884948179772e-09
0.04818887507711677 8.302175681319736e-09
0.04914998245471314 8.115639928770155e-09
0.050196242988680806 7.93983139643504e-09
0.05124250352264848 7.789132266272965e-09
0.05228876405661616 7.66112926351224e-09
0.053335024590583834 7.553848900450205e-09
0.05438128512455151 7.465698623857719e-09
0.055427545658519185 7.395421105100605e-09
0.05647380619248687 7.3420595792207164e-09
0.057520066726454544 7.304932708719151e-09
0.05856632726042222 7.283617920393021e-09
0.059612587794389896 7.277942572714945e-09
0.060658848328357565 7.287982685133151e-09
0.06076062669683336 7.29052034717292e-09
0.06474211209575224 7.488425826165755e-09
0.06484389046422828 7.496114357344109e-09
0.06589015099819596 7.59550705726785e-09
0.06693641153216363 7.717285597307943e-09
0.06798267206613132 7.86399566270323e-09
0.069028932600099 8.038804116895075e-09
0.07007519313406668 8.245635611983004e-09
0.07032804040332906 8.302175681319736e-09
0.07112145366803435 8.461228050847296e-09
0.07216771420200202 8.704789819909569e-09
0.0732139747359697 8.991190645665577e-09
0.07426023526993737 9.328401375662444e-09
0.07530649580390505 9.726448109686556e-09
0.0754111879229564 9.770099572992246e-09
0.07635275633787272 1.0133735883099089e-08
0.0773990168718404 1.0610733639942678e-08
0.07844527740580809 1.1181755723216899e-08
0.07895420113576283 1.1497569953977357e-08
0.07949153793977576 1.1813965814581598e-08
0.08053779847374344 1.252409013237139e-08
0.08158405900771111 1.339397437765401e-08
0.08173383156318807 1.3530477745798077e-08
0.08263031954167879 1.432885860901604e-08
0.08367658007564646 1.547238920210837e-08
0.08403982327116032 1.5922827933410936e-08
0.08472284060961414 1.6770274156663133e-08
0.08576910114358183 1.8349182171973807e-08
0.08599946884860898 1.8738174228603828e-08
0.0868153616775495 2.0156171195134282e-08
0.08770101509904195 2.2051307399030457e-08
0.08786162221151718 2.2410867446619107e-08
0.08890788274548483 2.5073727158338406e-08
0.08920693502358588 2.5950242113997372e-08
0.08995414327945253 2.8331827840327612e-08
0.09054562707046125 3.053855508833412e-08
0.0910004038134202 3.2426767026430245e-08
0.09173813686285859 3.593813663804625e-08
0.09204666434738788 3.761607328706059e-08
0.09281470424584454 4.229242874389499e-08
0.09309292488135557 4.4287888031403306e-08
0.0937945388372341 4.977023564332114e-08
0.09413918541532323 5.305746048398823e-08
0.09468683279527138 5.8570208180566614e-08
0.09518544594929093 6.496090792067468e-08
0.09548985016170793 6.892612104349695e-08
0.09620026026976261 8.111308307896871e-08
0.09623170648325859 8.17589225161836e-08
0.09691850056570031 9.545484566618326e-08
0.09727796701722627 1.0568070502441254e-07
0.09753278987868945 1.1233240329780263e-07
0.09810853958513155 1.3219411484660288e-07
0.09832422755119394 1.4242555618842228e-07
0.09864872087986168 1.5556761439304723e-07
0.09913565798959594 1.8307382802953697e-07
0.09937048808516162 2.0224236983642694e-07
0.09957885023305843 2.1544346900318822e-07
0.10003185501447309 2.5353644939701113e-07
0.10035896111557419 2.9836472402833343e-07
0.10041674861912929 3.083644063343777e-07
0.10078006295811368 3.5111917342151277e-07
0.10112737893852045 4.132012400115334e-07
0.1013781691748755 4.862601580065353e-07
0.10146300915309697 5.19699101265391e-07
0.10170141553921841 5.72236765935022e-07
0.10202530409249508 6.734150657750828e-07
0.10225917783114027 7.924828983539169e-07
0.10242805359125755 9.326033468832199e-07
0.10250926968706466 1.0299182308462365e-06
0.10264813559199312 1.0974987654930544e-06
0.10294837268156695 1.2915496650148827e-06
0.1031651681499718 1.519911082952933e-06
0.10332171201731208 1.788649529057435e-06
0.10343474935421844 2.104904144512022e-06
0.10351637145639322 2.477076355991709e-06
0.10355553022103232 2.734785096034866e-06
0.10367944768537332 2.9150530628251757e-06
0.10394607691463802 3.430469286314912e-06
0.10413860478896197 4.037017258596549e-06
0.1042776254900829 4.750810162102793e-06
0.1043780096833225 5.5908101825122235e-06
0.1044504951921073 6.579332246575682e-06
0.10450283559366084 7.742636826811277e-06
0.10454062959801722 9.111627561154887e-06
0.10456791992676696 1.072267222010323e-05
0.10458762575196205 1.261856883066021e-05
0.104601790755 1.4835766553914678e-05

