0.0010219978922 0.0030045078662559533
0.0010255983099698648 0.0027185882427329397
0.0010330369685075016 0.002310129700083158
0.0010433386653377276 0.0019630406500402682
0.0010576053448801382 0.001668100537200059
0.001077363074943467 0.0014174741629268048
0.00110472528603785 0.001204503540258781
0.0011426188392736638 0.0010235310218990247
0.0011950971047136295 0.0008697490026177836
0.0012677735393158288 0.0007390722033525775
0.0013684221431179127 0.0006280291441834246
0.0015078090228232404 0.0005336699231206301
0.001700844012878264 0.00045348785081285824
0.00196817553980762 0.0003853528593710527
0.0020682584261676766 0.0003657199184450619
0.0020935017257534094 0.00032745491628777246
0.0021414126156789025 0.00027825594022071263
0.0022077637541780704 0.00023644894126454073
0.0022996525416120353 0.0002009233002565046
0.0024269080710132424 0.00017073526474706887
0.002603142519365484 0.000145082877849594
0.0028472072050586233 0.0001232846739442066
0.0031145189601353533 0.00010773149998023701
0.003128286813195157 0.0001047615752789664
0.0032194544804276153 8.902150854450375e-05
0.0033457113402896176 7.56463327554629e-05
0.0035205627448074922 6.428073117284319e-05
0.0037627120719433737 5.462277217684336e-05
0.004098061374936054 4.641588833612773e-05
0.00416077949410303 4.517606316078509e-05
0.004279418309103045 3.944206059437656e-05
0.004469372067717449 3.351602650938841e-05
0.004732436439217579 2.848035868435799e-05
0.0050967507021074 2.4201282647943832e-05
0.005207040028070707 2.318592988834608e-05
0.005357158198326257 2.0565123083486515e-05
0.005623213575746492 1.7475284000076827e-05
0.005991670041971829 1.4849682622544634e-05
0.0062533005620383835 1.3526543391146087e-05
0.00636657292671546 1.261856883066021e-05
0.006688507598784781 1.072267222010323e-05
0.007134350538612741 9.111627561154887e-06
0.00729956109600606 8.651702817316481e-06
0.007514878403557117 7.742636826811277e-06
0.007922004127557601 6.579332246575683e-06
0.008345821629973738 5.781193907318817e-06
0.008427947853054571 5.590810182512223e-06
0.008885977934462504 4.750810162102793e-06
0.009392082163941414 4.147399460017234e-06
0.009464341212105244 4.037017258596549e-06
0.009959420058214027 3.4304692863149122e-06
0.01043834269790909 3.0375177998063085e-06
0.010572317939129987 2.9150530628251757e-06
0.011187743561460498 2.477076355991709e-06
0.011484603231876767 2.318775175965518e-06
0.01182577133575513 2.104904144512022e-06
0.012530863765844445 1.7949688410683483e-06
0.01254547402548464 1.788649529057435e-06
0.013282278500251623 1.519911082952933e-06
0.01357712429981212 1.4376740269430302e-06
0.01408575914746792 1.2915496650148827e-06
0.014623384833779795 1.170905782357473e-06
0.014942734810793768 1.0974987654930544e-06
0.015669645367747474 9.643689520184398e-07
0.01585636982340282 9.326033468832199e-07
0.016715905901715154 8.110317002049366e-07
0.016853383475691402 7.924828983539169e-07
0.01776216643568283 6.885054491757327e-07
0.017912504879104268 6.734150657750828e-07
0.018808426969650505 5.944067438610466e-07
0.019061720707808837 5.72236765935022e-07
0.01985468750361818 5.116611750198282e-07
0.020249019763257395 4.862601580065353e-07
0.02090094803758586 4.4829515028218394e-07
0.021586964237783966 4.132012400115335e-07
0.021947208571553536 3.962841695295e-07
0.022993469105521212 3.5361441357611827e-07
0.023059620935865704 3.5111917342151277e-07
0.024039729639488888 3.161650535439424e-07
0.024636020992428675 2.9836472402833343e-07
0.025085990173456564 2.8549089351285564e-07
0.026132250707424243 2.591183821642516e-07
0.02638226667614346 2.5353644939701113e-07
0.027178511241391923 2.3611085007493936e-07
0.028224771775359595 2.1703721000948019e-07
0.028319814597389942 2.1544346900318824e-07
0.029271032309327275 1.994989742886666e-07
0.03031729284329495 1.851259785388184e-07
0.03047982581622516 1.8307382802953697e-07
0.031363553377262626 1.7172548778821276e-07
0.0324098139112303 1.6043428052535138e-07
0.03292125956382988 1.5556761439304723e-07
0.03345607444519798 1.503110526971263e-07
0.034502334979165654 1.4116801564610856e-07
0.03554859551313333 1.3350782802733155e-07
0.03574346307637587 1.3219411484660288e-07
0.036594856047101006 1.2614242632946617e-07
0.03764111658106868 1.197039013102106e-07
0.03868737711503636 1.1422048986625504e-07
0.03908561734180313 1.1233240329780265e-07
0.03973363764900404 1.0903393192747704e-07
0.040779898182971716 1.0429244240751824e-07
0.04182615871693939 1.002057821038912e-07
0.04287241925090707 9.66731836766693e-08
0.0432713806345994 9.545484566618327e-08
0.043918679784874744 9.328661605889112e-08
0.04496494031884242 9.016045649876865e-08
0.046011200852810095 8.744474565465906e-08
0.04705746138677778 8.508547344174999e-08
0.048103721920745454 8.303791083301067e-08
0.04914998245471313 8.126496407627873e-08
0.04925006394576092 8.111308307896871e-08
0.050196242988680806 7.94923635843556e-08
0.051242503522648475 7.794991123741477e-08
0.05159108125109579 7.751341454252292e-08
0.05926401006606782 7.273707936489366e-08
0.059612587794389896 7.27177261430979e-08
0.06065884832835758 7.282048980833176e-08
0.06170510886232525 7.308749465954736e-08
0.06275136939629293 7.352488838732287e-08
0.06379762993026061 7.414181887167708e-08
0.06484389046422828 7.495078203980812e-08
0.06589015099819596 7.59680971570306e-08
0.06693641153216363 7.721453829235669e-08
0.06798267206613132 7.871616132392581e-08
0.069028932600099 8.050538008148145e-08
0.06933961014269488 8.111308307896871e-08
0.07007519313406667 8.239560023446866e-08
0.07112145366803435 8.451530726678434e-08
0.07216771420200202 8.700823753062279e-08
0.0732139747359697 8.993963882921045e-08
0.07426023526993737 9.339109525990058e-08
0.07481086523824662 9.545484566618327e-08
0.07530649580390505 9.716317416671406e-08
0.07635275633787272 1.0126476277427586e-07
0.0773990168718404 1.0614698278933251e-07
0.07844527740580809 1.1199157095353824e-07
0.07850149377822659 1.1233240329780265e-07
0.07949153793977576 1.1802798074964807e-07
0.08053779847374344 1.2529632343627543e-07
0.08137111180560642 1.3219411484660288e-07
0.08158405900771111 1.338985024427708e-07
0.08263031954167879 1.4325741493368462e-07
0.08367658007564648 1.5496180529889057e-07
0.08372658336330147 1.5556761439304723e-07
0.08472284060961414 1.6764438739558907e-07
0.08572914372522907 1.8307382802953697e-07
0.08576910114358183 1.8369514455210806e-07
0.0868153616775495 2.0159203792693647e-07
0.0874779122475198 2.154434690031882e-07
0.08786162221151718 2.2383630471495172e-07
0.08890788274548485 2.510914999340498e-07
0.08899326324301407 2.5353644939701113e-07
0.08995414327945253 2.8345859399698563e-07
0.09036308376252578 2.9836472402833343e-07
0.0910004038134202 3.2421761199374074e-07
0.09157890092072346 3.5111917342151277e-07
0.09204666434738788 3.7597378347268495e-07
0.09267247167179016 4.132012400115334e-07
0.09309292488135557 4.426637806891996e-07
0.09366398661966391 4.862601580065353e-07
0.09413918541532323 5.305424162664534e-07
0.09456313197193517 5.72236765935022e-07
0.09518544594929092 6.501647115104311e-07
0.0953681359207357 6.734150657750828e-07
0.09611237274087478 7.924828983539169e-07
0.09623170648325859 8.164280974773161e-07
0.09682798595451769 9.326033468832199e-07
0.09727796701722627 1.0576680273166707e-06
0.09743414694313005 1.0974987654930544e-06
0.09803731140526281 1.2915496650148827e-06
0.09832422755119394 1.4245230982706923e-06
0.09856529416613599 1.519911082952933e-06
0.09907541715291146 1.788649529057435e-06
0.0993704880851616 2.0239705588547597e-06
0.09950123712972342 2.104904144512022e-06
0.09997581207482246 2.477076355991709e-06
0.10031849357916957 2.9150530628251757e-06
0.10041674861912929 3.081167009180712e-06
0.10072055746902583 3.430469286314912e-06
0.10108441116129555 4.037017258596549e-06
0.10134714296354695 4.750810162102793e-06
0.10146300915309697 5.196987708202042e-06
0.10164592386057436 5.590810182512223e-06
0.10198523461113525 6.579332246575683e-06
0.10223024442390376 7.742636826811277e-06
0.10240716133046694 9.111627561154887e-06
0.10250926968706466 1.0306984032517765e-05
0.10259669610787703 1.072267222010323e-05
0.1029112292124863 1.261856883066021e-05
0.10313834756032061 1.4849682622544636e-05
0.10330234538174893 1.7475284000076827e-05
0.1034207650765454 2.0565123083486515e-05
0.10350627367655953 2.4201282647943832e-05
0.10355553022103232 2.7368392274436048e-05
0.10363376622069113 2.8480358684357987e-05
0.10391309120142302 3.3516026509388416e-05
0.1041147864354159 3.944206059437656e-05
0.10426042671187402 4.641588833612773e-05
0.10436559077404292 5.462277217684337e-05
0.10444152773489485 6.428073117284319e-05
0.10449636036406969 7.56463327554629e-05
0.10453595395839442 8.902150854450375e-05
0.10456454373669147 0.0001047615752789664
0.10458518786958756 0.0001232846739442066
0.10460009460368684 0.000145082877849594
0.104601790755 0.00014813539705810767

